X <- c(1,2,3,4,5,6,7)
X
X*3
X
X^2